# Fix print output for fix writepressure
0 38229.9527552773
0.01 35909.0269752466
0.02 33224.3136709609
0.03 31389.3897180394
0.04 29078.8144768475
0.05 26417.5549916156
0.06 24494.5130627805
0.07 22889.5073394983
0.08 21609.1890840147
0.09 20591.6751049564
0.1 19678.6475199752
0.11 17962.5857868114
0.12 17477.0475056415
0.13 17284.5853085784
0.14 16460.0367171726
0.15 15758.8101533517
0.16 14776.0223496663
0.17 13330.417987988
0.18 12202.2107413692
0.19 11265.5765050658
0.2 10081.2963635584
0.21 9542.81357867555
0.22 9688.33988391749
0.23 9685.94811129055
0.24 10614.0542946193
0.25 11295.6225379294
0.26 12160.1475382816
0.27 12025.873722447
0.28 11309.1292515962
0.29 10484.6118680312
0.3 9134.26838305149
0.31 7133.25763604275
0.32 4514.16450509708
0.33 3381.83917013829
0.34 4595.42866832323
0.35 6817.70862342187
0.36 7640.59386832063
0.37 7009.34420651148
0.38 6070.8926107774
0.39 5312.25596213313
0.4 5464.25449739811
0.41 5968.25054216549
0.42 6887.44540015838
0.43 7067.40156725284
0.44 6303.81175355352
0.45 5959.19967656099
0.46 5111.32378645581
0.47 5160.05393744509
0.48 5188.92432331166
0.49 4387.51810805691
0.5 3200.96419652075
0.51 2521.67568723887
0.52 3155.75057770827
0.53 3270.22214127402
0.54 4241.51343020055
0.55 4366.77990052515
0.56 3735.74108918275
0.57 3277.64751791665
0.58 2999.49930852808
0.59 3114.68957772254
0.6 3071.84445817562
0.61 1913.14952552788
0.62 256.823648321687
0.63 -465.751571306886
0.64 44.5606675531067
0.65 1852.49389995281
0.66 3523.72713633832
0.67 4012.28715688205
0.68 2795.472342186
0.69 1818.88014757252
0.7 717.029473387553
0.71 1394.0605971721
0.72 2403.19807872427
0.73 3103.28367138119
0.74 3234.65119644026
0.75 3218.38664341447
0.76 2319.38173293561
0.77 2524.77096624559
0.78 2601.4491510055
0.79 2537.6085642316
0.8 3116.85865263148
0.81 3729.13602189521
0.82 4563.42712518013
0.83 5506.82907555689
0.84 6156.02767931853
0.85 5937.46304180609
0.86 5309.29465226498
0.87 4296.91313803691
0.88 3775.84015258339
0.89 3257.84241639791
0.9 3703.27481244368
0.91 3986.80219547485
0.92 4484.72443615094
0.93 4221.7716960083
0.94 3787.63488136575
0.95 3350.22827635555
0.96 3199.42484129077
0.97 2886.73537280949
0.98 3331.0989240547
0.99 3724.89392753275
1 3924.95327236464
1.01 2965.29436884597
1.02 2130.8063136256
1.03 650.898233130441
1.04 232.994699435975
1.05 621.456576897948
1.06 1082.68570306578
1.07 1100.16923783291
1.08 -185.701462183792
1.09 -1890.74108405599
1.1 -3758.35217057813
1.11 -4155.83916651327
1.12 -2812.22897133343
1.13 -449.076313536567
1.14 1466.3794482041
1.15 2150.57169263851
1.16 2038.46527773096
1.17 1865.38313301561
1.18 2435.33533327981
1.19 2193.13205963684
1.2 630.254111621232
1.21 -1025.7208369499
1.22 -2525.60679507737
1.23 -3741.20038843651
1.24 -3888.28708496543
1.25 -3541.16690151738
1.26 -2937.14922561845
1.27 -2376.19025502209
1.28 -2113.53974208814
1.29 -1919.19664695837
1.3 -1625.76922182129
1.31 -2588.04631929768
1.32 -3462.6539391901
1.33 -4383.32108278287
1.34 -5731.47765458325
1.35 -6261.33616576458
1.36 -5918.11112483717
1.37 -5839.89990497491
1.38 -4682.66276319159
1.39 -3264.83824448044
1.4 -1902.34836351099
1.41 -1234.17032070129
1.42 -728.824652743376
1.43 -646.457494957383
1.44 -1342.2722265245
1.45 -2606.58999758301
1.46 -2163.24403593949
1.47 -1843.36944104634
1.48 -1603.58443379891
1.49 -1126.01301888854
1.5 -871.072802116523
1.51 -604.001001715198
1.52 245.632597568216
1.53 915.612903779036
1.54 927.662726251919
1.55 528.177620044574
1.56 629.486709563696
1.57 -3.5472525002267
1.58 -2.61554466903557
1.59 172.234923035524
1.6 427.269096846201
1.61 -212.934453640635
1.62 -299.934132971626
1.63 -1479.39274083873
1.64 -2217.25125461884
1.65 -2012.4649955314
1.66 -1059.13090033545
1.67 -327.842718169423
1.68 -553.927159819077
1.69 -1046.01452708727
1.7 -1162.561448999
1.71 -25.9741739381739
1.72 1324.73690692451
1.73 2280.27481510765
1.74 2340.05017914725
1.75 2667.50846661043
1.76 3133.51698916764
1.77 3036.01649025576
1.78 2900.78651242775
1.79 2759.42275796367
1.8 2255.53306340895
1.81 1441.90529530408
1.82 1390.25611220116
1.83 2215.37979842586
1.84 2586.48816057035
1.85 2759.45780474974
1.86 2318.08169163886
1.87 1471.2714760024
1.88 1034.18873212522
1.89 676.928065394638
1.9 90.267661438322
1.91 -404.162050738941
1.92 -384.28429991183
1.93 -771.280796985691
1.94 -209.224492593506
1.95 1208.40917996408
1.96 2149.21323135216
1.97 3328.10814816138
1.98 3981.00362257109
1.99 4308.74756184072
2 3120.83032564695
2.01 1493.17807560055
2.02 -287.656659259832
2.03 -805.386374965725
2.04 -518.478717596283
2.05 352.587684636159
2.06 1140.89930636917
2.07 589.248896299413
2.08 -340.952002459113
2.09 -1228.64114210776
2.1 -2010.47232637483
2.11 -2032.46498455157
2.12 -1592.45209254953
2.13 -1781.88262882425
2.14 -2535.27440019115
2.15 -2627.9898818311
2.16 -2596.56368098306
2.17 -2795.9022262574
2.18 -3099.85638225014
2.19 -3342.7122760484
2.2 -3366.18705235282
2.21 -3439.42254273741
2.22 -3248.08788502188
2.23 -3359.5755435978
2.24 -2445.07228054245
2.25 -2154.93748221902
2.26 -1382.01502924948
2.27 -194.430797500135
2.28 307.450467566813
2.29 1200.49499337352
2.3 753.137935924125
2.31 -517.229117707923
2.32 -1646.62083363367
2.33 -2240.68211330502
2.34 -2438.56214288786
2.35 -2031.99186141674
2.36 -2351.94743219154
2.37 -1895.07748355649
2.38 -946.727570386162
2.39 -237.965179287187
2.4 693.59731743252
2.41 765.289796478331
2.42 1106.33847349837
2.43 1468.95551602406
2.44 1587.21780592126
2.45 2284.99266344877
2.46 2296.03891812358
2.47 1746.13263802201
2.48 2002.28283473907
2.49 2878.19062748856
2.5 4102.727730495
2.51 5317.34533600105
2.52 5782.74349691642
2.53 4809.00686072297
2.54 2798.72408633534
2.55 976.60159349731
2.56 184.265928006191
2.57 581.168247285287
2.58 1984.02769524727
2.59 3488.45120540828
2.6 4674.16611651926
2.61 5114.85930479903
2.62 5643.88509760979
2.63 5781.55745515252
2.64 5497.85862799607
2.65 5689.25417938135
2.66 5635.70725823831
2.67 4980.33598236409
2.68 4286.7886923234
2.69 3088.46866047002
2.7 2701.78852789517
2.71 2926.19817210063
2.72 3940.65250713449
2.73 4587.5673376986
2.74 5231.82509658237
2.75 4981.46102193224
2.76 4101.33982290803
2.77 2320.13424681633
2.78 587.263617536332
2.79 -897.505241748413
2.8 -956.592952987045
2.81 -87.4958478762969
2.82 465.28193714493
2.83 240.629110037462
2.84 -372.613056536368
2.85 -1261.29025807591
2.86 -2112.1884044689
2.87 -1890.41411199669
2.88 -1690.27374689466
2.89 -1456.51639185948
2.9 -1435.32261040921
2.91 -1185.61923932491
2.92 -322.945493915143
2.93 478.708515556779
2.94 1649.22347779948
2.95 2400.64554122292
2.96 2216.32739534621
2.97 1295.46360662813
2.98 239.982100223452
2.99 -1853.37428307197
3 -3097.23452484507
