# Fix print output for fix writepressure
0 34077.2426208682
0.01 32622.9579791446
0.02 30294.8141920144
0.03 28140.7230011977
0.04 25963.1935487421
0.05 24325.4541314754
0.06 23234.7170340339
0.07 21250.4698495548
0.08 18882.853177321
0.09 17261.1759556223
0.1 16540.2110663948
0.11 15203.9141237816
0.12 14948.9842214766
0.13 14876.8449825966
0.14 14035.2351197053
0.15 13444.4265812955
0.16 13104.6931864865
0.17 12308.4734570129
0.18 11245.1709732152
0.19 9957.4209577882
0.2 8414.47350158933
0.21 7620.13648522958
0.22 7640.62505087171
0.23 7968.86400046891
0.24 9496.8310189881
0.25 10179.9506996384
0.26 10246.6936179934
0.27 9511.24650776728
0.28 9375.48186597344
0.29 10310.7458742848
0.3 11399.2887113874
0.31 11541.9934639307
0.32 9551.61580046587
0.33 6865.78448321801
0.34 5189.97402494926
0.35 4914.54297065519
0.36 4875.68319903776
0.37 5094.96246755556
0.38 5619.71351960013
0.39 5769.91223167901
0.4 6006.65516850759
0.41 6055.05188520966
0.42 6265.64302692934
0.43 5723.67405925758
0.44 4669.21817920678
0.45 4764.77004143449
0.46 4205.58729999706
0.47 3536.74568190666
0.48 2619.42875114677
0.49 1969.43282695398
0.5 1990.52465862791
0.51 2667.52261212694
0.52 4104.92454019638
0.53 4035.92990010125
0.54 4004.54685196151
0.55 3348.5668468652
0.56 2925.33070389678
0.57 3270.23915670623
0.58 3303.99719038744
0.59 2652.95295832033
0.6 1350.90759994532
0.61 -666.110011112366
0.62 -2460.14962673641
0.63 -2677.7227180676
0.64 -1556.9709622278
0.65 466.569146212573
0.66 2259.42047029498
0.67 3159.12473351291
0.68 2383.36384598343
0.69 1382.39858335678
0.7 -292.016403753386
0.71 -125.351014788343
0.72 1260.54810040873
0.73 3276.71315366254
0.74 4872.05218292258
0.75 5791.47530047986
0.76 5132.49501160714
0.77 5154.77473767171
0.78 5287.40128921446
0.79 5684.99904924632
0.8 6623.57995913302
0.81 6707.60931064893
0.82 5835.87300311527
0.83 4817.23651116079
0.84 4056.25240731241
0.85 2876.30418644634
0.86 1966.70015678255
0.87 1651.41931706994
0.88 2160.11887140379
0.89 2316.87466781714
0.9 3053.90210029944
0.91 3151.90527470355
0.92 2888.13647836431
0.93 1789.66521589537
0.94 1197.53152888771
0.95 1451.99368682121
0.96 1852.23109750886
0.97 1147.84883242254
0.98 779.144451382513
0.99 727.072864719402
1 1553.37657427339
1.01 2193.63936500169
1.02 2865.80332588967
1.03 1941.47968160197
1.04 983.346909073787
1.05 315.188549042883
1.06 196.771072064163
1.07 573.171494437638
1.08 426.109826260403
1.09 112.662641724648
1.1 -1017.80513513966
1.11 -1878.74565532662
1.12 -1631.66137213288
1.13 123.32734754655
1.14 2219.59145940529
1.15 3218.58365273761
1.16 2469.50139090483
1.17 338.492726413912
1.18 -1200.74450355485
1.19 -1903.7356668363
1.2 -1821.7196268829
1.21 -1300.80240236851
1.22 -1459.52984359078
1.23 -2094.48585280878
1.24 -1885.95279212651
1.25 -1500.50315457723
1.26 -1353.5653341611
1.27 -1660.67030824559
1.28 -2632.35223522496
1.29 -3463.68121624672
1.3 -3344.20360171074
1.31 -3948.49501340076
1.32 -4560.12440552599
1.33 -5123.87670826808
1.34 -5506.77397493761
1.35 -4572.1592975508
1.36 -3218.91910193584
1.37 -3516.68181971277
1.38 -3754.23078385325
1.39 -3469.50672889434
1.4 -2378.49678800328
1.41 -1459.24303488344
1.42 -839.797143497524
1.43 -955.034029341781
1.44 -1628.37692039076
1.45 -2232.90415115946
1.46 -973.883951934455
1.47 -535.594585759981
1.48 -1052.46680325164
1.49 -1530.79202677012
1.5 -1507.77733233079
1.51 -563.162775979865
1.52 1165.29748671498
1.53 2258.67564605638
1.54 1960.2228404379
1.55 793.896295474021
1.56 682.452939833167
1.57 677.338631309317
1.58 1453.97426424078
1.59 2203.9661603323
1.6 2932.97447031361
1.61 2546.72173848857
1.62 2248.8101096828
1.63 481.028663021881
1.64 -575.823994242673
1.65 -173.37664393867
1.66 826.886649579071
1.67 1129.54755784253
1.68 373.40338941977
1.69 -528.334883762672
1.7 -1172.0570728256
1.71 -562.29744918634
1.72 696.938919690777
1.73 1650.9455408502
1.74 1217.02238277557
1.75 677.81794149378
1.76 446.847221135413
1.77 264.083123942955
1.78 806.247781310013
1.79 1535.52598638931
1.8 1562.80880353743
1.81 827.196263568
1.82 257.962847591653
1.83 199.868687580732
1.84 -58.7232339289004
1.85 229.401474864095
1.86 422.944007352294
1.87 225.614531805028
1.88 295.282335825892
1.89 531.658349585774
1.9 772.49844142293
1.91 1074.42580625103
1.92 1618.05702909855
1.93 1368.05524748216
1.94 1353.80953698619
1.95 1585.00147845363
1.96 1267.39292718425
1.97 1610.55483411103
1.98 1901.46890258356
1.99 2193.07718512478
2 1478.45738921809
2.01 970.234549410448
2.02 164.358014794044
2.03 -492.253447817189
2.04 -1462.22767236758
2.05 -2360.19238164438
2.06 -3282.1320498679
2.07 -4654.45252148224
2.08 -4824.21857311917
2.09 -3703.43077910077
2.1 -2656.80494835157
2.11 -1957.71774720763
2.12 -1372.32503731172
2.13 -1531.79932490368
2.14 -2660.93178338753
2.15 -3547.4994591169
2.16 -3903.93228907537
2.17 -3268.62627005323
2.18 -1739.98600345037
2.19 -210.705209772479
2.2 624.965941562669
2.21 472.91196316903
2.22 10.5072708451968
2.23 -897.853491108414
2.24 -502.072617660667
2.25 -458.858905612037
2.26 -281.793903142649
2.27 -274.560433590915
2.28 -656.354218451452
2.29 729.071343350416
2.3 1883.17159519351
2.31 1923.9036757117
2.32 746.712256247941
2.33 -1003.00941898653
2.34 -2265.23062390772
2.35 -1842.61824099496
2.36 -1542.49049557248
2.37 -939.968517985009
2.38 -754.346204389707
2.39 -1625.5465071759
2.4 -2249.08765986098
2.41 -2342.96078317601
2.42 -356.890896844406
2.43 2310.6324730469
2.44 4010.24154538938
2.45 5025.86648201073
2.46 4506.16908778117
2.47 2960.13658442186
2.48 1982.51188789225
2.49 1624.09530333085
2.5 1470.05107440874
2.51 1244.51234983326
2.52 1265.49206195406
2.53 1884.25542916992
2.54 2747.42641596896
2.55 3059.22149059592
2.56 2318.58784968177
2.57 1009.6538769736
2.58 384.993310191555
2.59 924.428494241186
2.6 2716.27618996996
2.61 4768.06450721089
2.62 6730.72671550076
2.63 7288.93286114698
2.64 6244.15129096546
2.65 4896.39037312603
2.66 3619.42040247744
2.67 2818.07494225311
2.68 3239.91642122488
2.69 4186.48270260341
2.7 5792.69196039318
2.71 6568.9413285255
2.72 6759.92663236099
2.73 6091.28536601255
2.74 5197.99563875463
2.75 3246.06923707122
2.76 1153.5566699424
2.77 -348.811162806628
2.78 -376.245298127469
2.79 -86.9542982783613
2.8 680.636253507624
2.81 1163.23960770992
2.82 305.912569749095
2.83 -1222.40794342385
2.84 -1787.99618510277
2.85 -1482.10884493359
2.86 -1027.13461631663
2.87 241.147606152592
2.88 1277.99205116954
2.89 2015.40766609031
2.9 2048.38550777033
2.91 1752.44100483205
2.92 1367.29131073782
2.93 94.1590430433255
2.94 -1052.79988675234
2.95 -2054.8737326703
2.96 -2934.0834488676
2.97 -3102.66455829082
2.98 -1986.33775477219
2.99 -1574.39140687048
3 -1225.70669882129
