# Fix print output for fix writepressure
0 30556.5441754243
0.01 28382.8389142498
0.02 26818.1500512848
0.03 25762.5198724534
0.04 24147.8956623577
0.05 22344.7417897662
0.06 21093.929358396
0.07 19962.4599983202
0.08 19211.5941511442
0.09 18661.1866805664
0.1 17654.7735652436
0.11 15055.1198300686
0.12 13350.2155458958
0.13 12421.2940926339
0.14 11935.7307003906
0.15 12425.9625530879
0.16 12414.5203030238
0.17 10766.096266515
0.18 8712.87908750577
0.19 7332.26457432323
0.2 6872.95147367019
0.21 7717.03871571134
0.22 8836.42062383006
0.23 9004.8569998042
0.24 9358.38305434151
0.25 8878.41409054557
0.26 8665.14413643705
0.27 8082.96751602903
0.28 7188.42342317132
0.29 6534.08138854698
0.3 6687.42246874305
0.31 7604.59786930118
0.32 7785.76199837037
0.33 7562.36808098652
0.34 7532.8900137023
0.35 7719.86389348593
0.36 7438.51496384326
0.37 7119.17786332016
0.38 6775.33734765077
0.39 5697.07977385178
0.4 4927.53318858765
0.41 5046.18219601398
0.42 6120.77254837276
0.43 6211.63968482229
0.44 5184.69082490276
0.45 4539.16853092271
0.46 2698.54165156768
0.47 1507.95480181784
0.48 1738.97983794806
0.49 3027.76220145434
0.5 4333.82065396565
0.51 4934.46995771052
0.52 5248.84464129715
0.53 4147.95423271388
0.54 3766.27610547973
0.55 3089.86772071024
0.56 2559.56424354858
0.57 2370.74017875431
0.58 1355.70504904171
0.59 126.641011206928
0.6 -93.188711477711
0.61 243.913951986972
0.62 241.446654560611
0.63 -199.332882995569
0.64 -988.782823521379
0.65 -1370.36212014309
0.66 -1462.44515767769
0.67 -956.321777568746
0.68 -311.418655235023
0.69 996.189897947247
0.7 1425.16854713858
0.71 2694.93737090159
0.72 3633.70421238497
0.73 4191.10107248014
0.74 4726.01694390539
0.75 5354.32041046658
0.76 4418.08364046261
0.77 3624.74686261227
0.78 2432.68816344243
0.79 1440.62848360107
0.8 1867.14916852318
0.81 3000.24930916612
0.82 4103.08533604005
0.83 4568.79412381703
0.84 4279.42115099609
0.85 3035.00574886659
0.86 1795.9549345521
0.87 746.349318757481
0.88 644.916785855089
0.89 936.023742030549
0.9 2235.03278426847
0.91 2914.84809000578
0.92 3126.25124220737
0.93 2273.23389847254
0.94 1692.38891908169
0.95 1758.18345494466
0.96 2185.84786081921
0.97 1889.72897984518
0.98 1499.14732174158
0.99 448.611267799663
1 -22.6583995747417
1.01 -196.679127722025
1.02 257.458399492908
1.03 -410.815398780827
1.04 -901.592839447772
1.05 -1283.28273948252
1.06 -1063.76148868922
1.07 188.452271883164
1.08 1347.07128492438
1.09 2215.76867714082
1.1 1589.60059543597
1.11 445.998175058824
1.12 -121.340452114
1.13 655.034535964177
1.14 2259.51979279857
1.15 3484.64243010221
1.16 3027.71382544245
1.17 675.707274807289
1.18 -1729.55207764485
1.19 -3713.18660259723
1.2 -4584.4838726841
1.21 -3910.58493144111
1.22 -2891.42356520158
1.23 -2224.38850349057
1.24 -1527.82139976889
1.25 -1261.78536013048
1.26 -935.140808445541
1.27 -555.30953310343
1.28 -795.005253068759
1.29 -1252.8511964083
1.3 -1273.43055561376
1.31 -2190.18815476494
1.32 -2788.28265370672
1.33 -3060.61052537648
1.34 -3546.84691756725
1.35 -3628.78448964394
1.36 -3551.76753727142
1.37 -4351.93599969096
1.38 -4497.05376837375
1.39 -4305.0876747914
1.4 -3448.28946125626
1.41 -2610.98790644968
1.42 -1673.1487701181
1.43 -652.467798389696
1.44 68.5945368075592
1.45 -322.847255269501
1.46 15.6497179403414
1.47 -152.509156806163
1.48 -401.905523302667
1.49 -677.373519718443
1.5 -1449.28991876097
1.51 -2173.82517888164
1.52 -1793.76173477991
1.53 -752.583907721201
1.54 27.7396524819922
1.55 -8.37905032063759
1.56 138.063478754021
1.57 -206.102852608855
1.58 400.666206171492
1.59 1302.38428784554
1.6 1998.75896339038
1.61 1339.23907218509
1.62 1194.28310004402
1.63 139.716507514467
1.64 -548.883976788572
1.65 -527.382120935455
1.66 -11.6673536635043
1.67 407.719901858677
1.68 436.836590226527
1.69 477.314491703919
1.7 323.200695596851
1.71 597.317129657105
1.72 741.993331590798
1.73 412.813137530645
1.74 -634.570698031184
1.75 -752.107173954697
1.76 44.8395667876129
1.77 614.172303949204
1.78 1033.93270008356
1.79 1362.5057036547
1.8 1355.60119452738
1.81 810.473229074584
1.82 518.471184515552
1.83 806.469938584173
1.84 876.970447959163
1.85 1203.73599026258
1.86 1000.93961137226
1.87 92.7387083619558
1.88 -298.602047875403
1.89 273.890625205856
1.9 1204.63353840156
1.91 1657.58439096746
1.92 1841.93842704381
1.93 1486.11899417502
1.94 1838.89060934088
1.95 2380.40323913062
1.96 1928.38622761515
1.97 1482.50150684829
1.98 559.549509971471
1.99 80.9517118118756
2 -239.194393503201
2.01 585.485932078268
2.02 1166.11633299611
2.03 1336.27657814806
2.04 674.745499304024
2.05 49.7459602853212
2.06 -328.057457428282
2.07 -1178.6787420603
2.08 -1350.68900007091
2.09 -1139.64243052551
2.1 -1611.5509763681
2.11 -2325.76180993744
2.12 -2732.86779377786
2.13 -3091.31531052862
2.14 -3187.05150774385
2.15 -2629.25842991207
2.16 -2620.83377849962
2.17 -2974.69413691861
2.18 -2880.64789480754
2.19 -2342.77650792283
2.2 -1705.66455226144
2.21 -1515.64821718246
2.22 -1406.0863019571
2.23 -1670.9149074761
2.24 -1088.26716510966
2.25 -1580.07081874719
2.26 -2034.82748191674
2.27 -2316.28898856716
2.28 -2668.09768685199
2.29 -1076.2400234368
2.3 326.29737970506
2.31 594.191361642816
2.32 -280.175943437603
2.33 -1378.78767702765
2.34 -1941.64554003351
2.35 -1634.77225798618
2.36 -2254.74994217154
2.37 -2595.18514623002
2.38 -2767.7361346582
2.39 -2828.68519016362
2.4 -1550.38744876697
2.41 27.1908383304987
2.42 2332.31540819237
2.43 4162.80664615926
2.44 4372.701216737
2.45 3662.88140887793
2.46 1668.79825920766
2.47 -443.613823084899
2.48 -613.040863509782
2.49 690.000834249374
2.5 2276.49098850108
2.51 3572.79998781012
2.52 4362.09196253806
2.53 4523.59859249224
2.54 4473.03427633084
2.55 4686.14748184228
2.56 5075.37733690445
2.57 5281.95045360157
2.58 5058.25597497864
2.59 4410.64353250586
2.6 4222.2199798269
2.61 4007.19176157007
2.62 3886.16145071559
2.63 3515.57691142434
2.64 3257.98380571485
2.65 4042.30143458573
2.66 5485.6380539294
2.67 7398.47845580877
2.68 9014.05221485392
2.69 8343.47315393851
2.7 6516.10183485981
2.71 4293.61150422818
2.72 3129.90467613177
2.73 2910.99988963008
2.74 4019.86281728064
2.75 4620.71206042304
2.76 4084.35235024701
2.77 2267.49612458353
2.78 784.722310187217
2.79 -284.055239217649
2.8 -437.558974864483
2.81 -549.181456519322
2.82 -1404.93307528295
2.83 -2126.73532462494
2.84 -1682.5008413408
2.85 -755.745251031477
2.86 -156.125306304635
2.87 610.866521767263
2.88 440.829346502503
2.89 -87.275465046977
2.9 -582.970191543096
2.91 -559.9679648616
2.92 -110.680287359097
2.93 -452.764725970678
2.94 -877.981047903941
2.95 -1281.81396156212
2.96 -1807.10309535341
2.97 -2292.45484130313
2.98 -2247.22046992926
2.99 -3056.72486750762
3 -3317.11269903132
